/*--------------------------------*- C++ -*----------------------------------*\
| =========                 |                                                 |
| \\      /  F ield         | OpenFOAM: The Open Source CFD Toolbox           |
|  \\    /   O peration     | Version:  2412                                  |
|   \\  /    A nd           | Website:  www.openfoam.com                      |
|    \\/     M anipulation  |                                                 |
\*---------------------------------------------------------------------------*/
FoamFile
{
    version     2.0;
    format      ascii;
    arch        "LSB;label=32;scalar=64";
    class       pointSet;
    location    "constant/polyMesh/sets";
    object      nonAlignedEdges;
}
// * * * * * * * * * * * * * * * * * * * * * * * * * * * * * * * * * * * * * //


3911
(
16385
16386
16387
16388
16389
16390
16391
16392
16393
16395
16397
16399
16407
16411
16414
16415
16416
16417
16418
16419
16420
16421
16422
16423
16425
16426
16427
16442
16443
16444
16445
16446
16447
16448
16450
16452
16454
16470
16472
16474
16476
16480
16505
16506
16508
16509
16510
16512
16513
16514
16515
16516
16517
16518
16519
16520
16521
16522
16523
16524
16525
16526
16527
16528
16529
16530
16531
16532
16533
16534
16535
16536
16537
16538
16539
16540
16541
16542
16543
16544
16545
16546
16547
16548
16549
16550
16551
16552
16553
16554
16555
16556
16557
16558
16559
16560
16561
16562
16563
16564
16565
16566
16567
16568
16570
16571
16572
16574
16884
16885
16889
16894
16899
16904
16909
16914
16915
16943
16945
16946
16947
16948
16949
16950
16951
16952
16953
16972
16974
16975
16991
16993
16994
17010
17011
17014
17015
17030
17031
17034
17035
17050
17051
17054
17055
17070
17071
17074
17075
17090
17091
17094
17095
17110
17111
17114
17115
17130
17131
17134
17135
17151
17153
17154
17169
17174
17175
17195
17196
17197
17198
17199
17200
17201
17202
17203
17204
17234
17238
17239
17244
17249
17254
17259
17264
17268
1066
1072
17519
17523
17528
1145
1146
1147
1148
17533
1149
1150
1151
1152
1153
1154
17538
1155
17543
17548
17549
17553
17581
17583
17584
17585
17586
17587
17588
17589
17590
17591
1226
1227
17611
17612
17613
1235
1236
17627
17632
17649
17652
17669
17672
17689
1306
1307
17692
1310
17709
17712
17729
17732
17749
17752
1381
1384
17769
17772
17787
17792
17808
17812
17813
17833
17834
17835
17836
17837
17838
17839
1455
17840
17841
1458
17842
17872
17873
17878
17883
17888
17893
17898
17902
17903
1529
1532
1603
1606
18032
18033
18034
18035
18036
18037
18038
18039
18040
18041
18042
18043
18045
18047
18049
18051
18053
18055
18057
18059
18061
1677
18062
18063
1680
18064
18065
18066
18067
18068
18069
18070
18071
18072
18073
18074
18075
18076
18077
18078
18079
18080
18081
18082
18084
18085
18086
18087
18088
18089
18090
18091
18092
18093
18094
18095
18096
18098
18099
18100
18101
18102
18103
18104
18105
18106
18107
18108
18109
18110
18111
18112
18113
18114
18115
18116
18117
18118
18120
18122
18124
18126
18128
18130
18132
18134
18135
1751
18136
18137
1754
18138
18139
18140
18141
18142
18143
18144
18145
18146
18147
18148
18149
18150
18151
18152
18154
18156
18158
18160
18162
18164
18166
18168
18170
18172
18173
18174
18175
18176
18177
18178
18179
18180
18181
18184
18185
18188
18189
18190
18193
18196
18197
18198
18200
18202
18203
18204
18205
18206
18207
18208
1825
18209
18210
18211
1828
18261
1898
1899
1902
1973
1974
1982
1983
18378
18381
18382
18383
18384
18385
18386
18387
18388
18389
18390
18391
18392
18393
18394
18395
18396
18397
18398
18399
18400
18401
18402
18403
18404
18405
18406
18407
18408
18409
18410
18411
18412
18413
18414
18415
18416
18417
18418
18419
18420
18422
2054
2055
2056
2057
2058
2059
2060
2061
2062
2063
2064
18466
18467
18468
18469
18470
18484
18488
18489
18490
18491
18492
18494
18506
18510
18511
18512
18513
18514
18516
2137
2143
18528
18532
18533
18534
18535
18536
18538
18550
18554
18555
18556
18557
18558
18560
18572
18576
18577
18578
18579
18580
18582
18594
18598
18599
18600
18601
18602
18604
18616
18620
18621
18622
18623
18624
18626
18638
18642
18643
18644
18645
18646
18648
18664
18665
18666
18667
18668
18715
18719
18720
18721
18722
18723
18724
18725
18726
18727
18728
18729
18730
18731
18732
18733
18734
18735
18736
18737
18738
18739
18740
18741
18742
18743
18744
18745
18746
18747
18748
18749
18750
18751
18752
18753
18754
18755
18756
18757
18758
18759
18907
19177
19187
19197
19207
19217
19227
19237
19247
19257
19332
19342
19368
19376
19404
19412
19414
19440
19448
19450
19476
19484
19486
19512
19520
19522
19548
19556
19558
19584
19592
19594
19620
19628
19630
19656
19664
19692
19702
19741
19744
19747
19750
19753
19756
19759
19762
19765
20268
20274
20280
20286
20292
20298
20304
20354
20360
20376
20398
20420
20442
20464
20486
20508
20530
20552
20574
20580
20608
20611
20614
20617
20620
20623
20626
4324
4330
4404
4405
4406
4407
4408
4409
4410
4411
4412
4484
4485
4493
4494
4564
4565
20957
20960
20961
20962
20964
20965
20966
20967
20969
20970
20971
20972
20974
20975
20976
20977
20979
20980
20981
20982
20984
20985
20986
20987
20989
20990
20991
20992
20994
20995
20996
20997
21001
4639
4642
21026
21040
21041
21042
21043
21044
21046
21047
21059
21061
21062
21063
21067
21079
21081
21082
21083
21084
21086
4713
21099
4716
21101
21102
21103
21104
21106
21119
21121
21122
21123
21124
21126
21139
21141
21142
21143
21144
21146
21159
21161
21162
21163
21164
21166
4787
4790
21179
21181
21182
21183
21184
21186
21199
21201
21202
21203
21204
21219
21221
21222
21223
21226
21227
21244
4861
21246
21247
4864
21264
21265
21267
21268
21269
21270
21271
21272
21273
21274
21275
21276
21277
21278
21279
21280
21281
21282
21283
21284
21285
21286
21287
21288
21289
21290
21291
21292
21293
21294
21295
21296
21297
21298
21299
21300
21301
21302
21303
4935
4938
5009
5012
5083
5086
5156
5157
21606
5231
5232
5240
5241
5313
5314
5315
5316
5317
5318
5319
5320
5321
5395
5401
21888
21896
21898
21900
21901
21902
21903
21906
21908
21909
21910
21911
21912
21913
21914
21915
21916
21917
21918
21919
21920
21921
21922
21923
21924
21925
21926
21927
21928
21929
21930
21931
21932
21933
21934
21935
21936
21937
21938
21939
21940
21941
21942
21943
21944
21945
21946
21947
21948
21949
21950
21951
21952
21953
21954
21955
21956
21957
21958
21959
21960
21961
21962
21963
21964
21965
21966
21967
21968
21969
21970
21971
21972
21973
21974
21975
21976
21977
21978
21979
21980
21981
21982
21983
21984
21985
21986
21987
21988
21989
21990
21991
21992
21993
21994
21995
21996
21997
21998
21999
22000
22001
22002
22004
22005
22007
22008
22009
22010
22013
22016
22066
22067
22070
22071
22074
22077
22081
22090
22121
22126
22127
22128
22129
22130
22131
22132
22133
22134
22135
22137
22141
22146
22171
22175
22177
22180
22185
22186
22187
22188
22189
22190
22191
22192
22193
22194
22195
22197
22198
22199
22202
22207
22231
22232
22235
22237
22240
22245
22246
22247
22248
22249
22250
22251
22252
22253
22254
22255
22257
22258
22259
22262
22267
22291
22292
22295
22297
22300
22305
22306
22307
22308
22309
22310
22311
22312
22313
22314
22315
22317
22318
22319
22322
22327
22351
22352
22355
22357
22360
22365
22366
22367
22368
22369
22370
22371
22372
22373
22374
22375
22377
22378
22379
22382
22387
22411
22412
22415
22417
22420
22425
22426
22427
22428
22429
22430
22431
22432
22433
22434
22435
22437
22438
22439
22442
22447
22471
22472
22475
22477
22480
22485
22486
22487
22488
22489
22490
22491
22492
22493
22494
22495
22497
22498
22499
22502
22507
22531
22532
22535
22537
22540
22545
22546
22547
22548
22549
22550
22551
22552
22553
22554
22555
22557
22558
22559
22562
22567
22591
22592
22600
22606
22607
22608
22609
22610
22611
22612
22613
22614
22615
22617
22618
22619
22621
22622
22627
22656
22664
22666
22667
22668
22669
22670
22671
22672
22673
22674
22675
22677
22681
22686
22690
22726
22727
22730
22734
22796
22801
22802
22804
22808
22810
22811
22816
22817
22818
22819
22820
22821
22823
22824
22825
22826
22827
22829
22831
22832
22833
22834
22835
22836
22838
22839
22840
22841
22842
22844
22846
22847
22848
22849
22850
22851
22853
22854
22855
22856
22857
22859
22861
22862
22863
22864
22865
22866
22868
22869
22870
22871
22872
22874
22876
22877
22878
22879
22880
22881
22883
22884
22885
22886
22887
22889
22891
22892
22893
22894
22895
22896
22898
22899
22900
6516
22901
6517
22902
6518
6519
6520
22904
6521
22906
6522
22907
6523
22908
6524
6525
22909
6526
22910
22911
6527
6528
22913
6529
22914
6530
22915
6531
6532
22916
22917
6533
6534
6535
22919
6536
6537
22921
6538
22922
6539
22923
6540
22924
6541
22925
6542
6543
22928
6544
6545
22929
6546
22930
22931
6547
6548
22932
6549
6550
6551
6552
6553
22937
6554
6555
22940
6556
6557
6558
22943
6559
6560
22944
6561
6562
6570
6571
6572
6575
6576
6580
6584
6588
6592
6596
6600
6604
6607
6608
6609
6617
6618
6619
6620
6621
6622
6623
6624
6625
6626
6627
6628
6629
6630
6631
6632
6633
6634
6635
6636
6637
6638
6639
6640
6641
6642
6643
6644
6645
6646
6656
6658
6659
6660
6662
6664
6665
6666
6668
6670
6671
6672
6674
6676
6677
6678
6680
6682
6683
6684
6686
6688
6689
6690
6692
6694
6695
6696
6698
6700
6701
6702
6704
6706
6707
6708
6710
6712
6713
6715
6717
6719
6721
6723
6725
6727
6729
6730
6731
6732
6733
6734
6735
6736
6737
6738
6739
6740
6741
6742
6743
6744
6745
6746
6747
6748
6749
6750
6751
6752
6753
6754
6755
6756
6757
6758
6760
6768
6769
6770
6771
6772
6774
6777
6778
6780
6782
6783
6784
6786
6788
6789
6790
6792
6794
6795
6796
6798
6800
6801
6802
6804
6806
6807
6808
6810
6812
6813
6814
6816
6819
6820
6821
6822
6823
6824
6825
6827
6829
6831
6833
6835
6837
6839
6841
6842
6843
6844
6845
6846
6847
6848
6849
6850
6851
6852
6853
6854
6855
6856
6857
6858
6859
6860
6861
6862
6863
6864
6866
6868
6870
6872
6874
6876
6878
6879
6881
6883
6884
6885
6887
6891
6893
6897
6899
6903
6905
23293
6909
6911
6915
6917
6921
6923
6927
6929
6932
6933
6935
6936
6945
6946
6947
6948
6949
6950
6951
6952
6953
6954
6955
6956
6957
6958
6959
6960
6961
6962
6963
7036
7037
7038
7039
7047
7048
7049
7050
7051
7052
7053
7054
7055
7056
7057
7058
7059
7060
7061
7062
7063
7064
7065
7066
7067
7068
7069
7070
7071
7072
7073
7074
7075
7076
7077
7078
7079
7080
7081
7082
7083
7084
7085
7086
7087
7088
7089
7090
7091
7092
7093
7094
7095
7096
7097
7098
7099
7100
7102
7103
7104
7105
7106
7107
7109
7110
7111
7112
7113
7114
7116
7117
7118
7119
7120
7121
7123
7124
7125
7126
7127
7128
7130
7131
7132
7133
7134
7135
7137
7138
7139
7140
7141
7142
7144
7145
7146
7147
7148
7149
7150
7151
7152
7153
7154
7155
7156
7157
7158
7159
7160
7161
7162
7163
7164
7165
7166
7167
7168
7169
7170
7171
7172
7173
7174
7175
7176
7177
7178
7179
7180
7181
7182
7183
7184
7185
7186
7187
7188
7189
7190
7191
7192
7193
7194
7196
7200
7204
7208
7212
7216
7220
7223
7224
7226
7227
7230
7238
7242
7246
7250
7254
7258
7262
7266
7270
7274
7278
7282
7286
7290
7294
7300
7301
7302
7303
7304
7305
7309
7313
7317
7321
7325
7329
7333
7334
7335
7337
7338
7339
7340
7341
7342
7343
7344
7345
7346
7347
7348
7349
7350
7351
7352
7354
7358
7362
7366
7370
7374
7378
7381
7382
7384
7385
7388
7392
7396
7400
7404
7408
7412
7416
7420
7424
7428
7432
7436
7440
7444
7448
7452
7456
7458
7459
7460
7461
7462
7463
7467
7471
7475
7479
7483
7487
7491
7492
7493
7495
7496
7497
7498
7499
7500
7501
7502
7503
7504
7505
7506
7507
7508
7509
7510
7511
7512
7513
7515
7516
7517
7518
7520
7521
7522
7523
7525
7526
7527
7528
7530
7531
7532
7533
7534
7535
7536
7537
7538
7539
7540
7541
7542
7543
7544
7545
7546
7547
7548
7549
7550
7551
7552
7553
7554
7555
7556
7557
7558
7560
7561
7562
7563
7565
7566
7567
7568
7570
7571
7572
7573
7575
7576
7577
7578
7580
7581
7582
7583
7585
7586
7587
7588
7590
7591
7592
7593
7595
7596
7597
7598
7600
7601
7602
7603
7605
7606
7607
7608
7610
7611
7612
7613
7615
7616
7617
7618
7620
7621
7622
7623
7624
7625
7626
7627
7628
7630
7631
7632
7633
7634
7635
7636
7637
7638
7639
7640
7641
7642
7643
7644
7645
7646
7647
7648
7649
7650
7651
7652
7653
7655
7656
7657
7658
7660
7661
7662
7663
7665
7666
7667
7668
7670
7671
7672
7673
7674
7675
7676
7677
7678
7679
7680
7681
7682
7683
7684
7687
7690
7693
7696
7699
7702
7705
7706
7707
7708
7710
7713
7716
7719
7722
7725
7728
7731
7734
7737
7740
7743
7746
7749
7752
7755
7758
7761
7763
7764
7765
7766
7769
7772
7775
7777
7778
7779
7780
7781
7784
7787
7788
7789
7790
7791
7792
7794
7797
7800
7803
7806
7809
7812
7815
7817
7819
7837
7841
7846
7851
7856
7861
7866
7871
7876
7881
7886
7891
7896
7901
7906
7911
7916
7921
7926
7931
7933
7935
7939
7944
7949
7954
7959
7964
7969
7972
7974
7976
7978
7981
7984
7987
7990
7993
7996
7999
8001
8005
8021
8023
8025
8030
8035
8040
8045
8050
8055
8060
8065
8070
8075
8080
8085
8090
8095
8100
8105
8108
8110
8113
8115
8119
8123
8128
8133
8138
8143
8148
8153
8156
8158
8160
8161
8162
8163
8164
8165
8166
8167
8168
8169
8170
8171
8172
8173
8174
8175
8176
8177
8178
8179
8180
8181
8182
8190
8191
8192
8193
8194
8196
8198
8200
8201
8203
8205
8207
8208
8210
8212
8214
8215
8217
8219
8221
8222
8224
8226
8228
8229
8231
8233
8235
8236
8238
8240
8242
8243
8245
8247
8249
8250
8252
8254
8255
8256
8257
8258
8259
8260
8261
8262
8263
8264
8265
8266
8268
8269
8270
8271
8273
8274
8275
8276
8278
8279
8280
8281
8282
8283
8284
8285
8286
8287
8288
8289
8290
8291
8293
8294
8295
8296
8298
8299
8300
8301
8302
8303
8304
8305
8306
8307
8308
8309
8310
8311
8312
8314
8316
8317
8318
8320
8321
8322
8323
8324
8326
8328
8330
8332
8333
8334
8335
8336
8340
8342
8344
8345
8346
8347
8348
8352
8354
8356
8357
8358
8359
8360
8364
8366
8368
8369
8370
8371
8372
8376
8378
8380
8381
8382
8383
8384
8387
8388
8390
8392
8393
8394
8395
8396
8398
8399
8402
8403
8404
8405
8407
8408
8409
8410
8411
8413
8415
8417
8418
8419
8420
8421
8422
8423
8424
8425
8426
8428
8429
8430
8432
8434
8438
8439
8441
8443
8444
8445
8446
8447
8449
8451
8455
8459
8460
8462
8464
8465
8466
8467
8468
8470
8472
8476
8480
8481
8483
8485
8486
8487
8488
8489
8491
8493
8497
8501
8502
8504
8506
8507
8508
8509
8510
8512
8514
8518
8522
8523
8525
8527
8528
8529
8530
8531
8533
8535
8539
8543
8544
8546
8548
8549
8550
8551
8552
8554
8556
8560
8564
8565
8567
8569
8570
8571
8572
8573
8575
8576
8577
8579
8581
8585
8586
8588
8590
8591
8592
8593
8594
8595
8596
8597
8599
8600
8602
8613
8622
8623
8626
8628
8629
8630
8631
8632
8633
8634
8635
8636
8638
8639
8640
8641
8642
8644
8645
8646
8647
8650
8651
8652
8653
8656
8657
8658
8659
8662
8663
8664
8665
8668
8669
8670
8671
8673
8674
8675
8676
8677
8679
8996
8997
8998
8999
9000
9001
9002
9003
9019
9020
9021
9022
9023
9024
9025
9026
9027
9028
9042
9043
9057
9058
9072
9073
9087
9088
9102
9103
9117
9118
9132
9133
9147
9148
9162
9163
9177
9178
9193
9194
9210
9211
9212
9213
9214
9215
9216
9217
9382
9383
9384
9385
9386
9387
9388
9389
9390
9391
9392
9393
9394
9395
9396
9397
9398
9399
9400
9401
9402
9403
9404
9405
9406
9407
9408
9409
9410
9411
9412
9413
9414
9415
9416
9417
9419
9420
9421
9422
9423
9424
9425
9426
9427
9428
9429
9430
9431
9432
9433
9434
9435
9436
9437
9438
9439
9440
9441
9442
9443
9444
9445
9446
9447
9448
9449
9450
9451
9452
9453
9454
9455
9456
9457
9458
9459
9460
9461
9462
9463
9464
9465
9466
9467
9469
9470
9471
9472
9473
9474
9475
9476
9477
9478
9479
9480
9481
9482
9483
9484
9485
9486
9487
9488
9489
9490
9491
9492
9493
9494
9495
9496
9497
9498
9499
9500
9501
9502
9503
9504
9505
9506
9507
9508
9509
9510
9511
9512
9513
9514
9515
9516
9517
9518
9519
9520
9521
9522
9523
9524
9525
9526
9527
9528
9529
9530
9531
9532
9533
9534
9535
10045
10048
10051
10054
10057
10060
10063
10066
10069
10115
10116
10117
10118
10119
10120
10121
10122
10123
10124
10125
10126
10127
10128
10129
10130
10131
10132
10133
10134
10135
10136
10137
10138
10139
10140
10141
10142
10143
10144
10145
10146
10147
10148
10149
10150
10151
10152
10153
10155
10156
10157
10196
10199
10200
10201
10202
10203
10204
10205
10206
10207
10246
10249
10250
10251
10252
10254
10255
10256
10257
10296
10299
10300
10301
10302
10303
10304
10305
10306
10307
10346
10349
10350
10351
10352
10353
10354
10355
10356
10357
10396
10399
10400
10401
10402
10403
10404
10405
10406
10407
10446
10449
10450
10451
10452
10453
10454
10455
10456
10457
10496
10499
10500
10501
10502
10503
10504
10505
10506
10507
10546
10549
10550
10551
10552
10553
10554
10555
10556
10557
10596
10599
10600
10601
10602
10603
10604
10605
10606
10607
10646
10649
10650
10651
10652
10654
10655
10656
10657
10696
10699
10700
10701
10702
10703
10704
10705
10706
10707
10750
10751
10752
10753
10754
10755
10756
10757
10758
10759
10760
10761
10762
10763
10764
10765
10766
10767
10768
10769
10770
10771
10772
10773
10774
10775
10776
10777
10778
10779
10780
10781
10782
10783
10784
10785
10786
10787
10788
10789
10790
10791
10792
10793
10794
10795
10796
10797
10800
10801
10802
11695
11697
11699
11701
11703
11705
11707
11740
11742
11743
11744
11745
11746
11747
11748
11750
11751
11752
11754
11755
11756
11758
11759
11760
11762
11763
11764
11766
11767
11768
11770
11771
11772
11774
11775
11776
11777
11780
11807
11809
11810
11811
11812
11813
11814
11815
11816
11817
11843
11845
11846
11847
11848
11851
11853
11879
11881
11882
11884
11886
11887
11889
11915
11917
11918
11919
11920
11922
11923
11925
11951
11953
11954
11955
11956
11958
11959
11961
11987
11989
11990
11991
11992
11994
11995
11997
12023
12025
12026
12027
12028
12030
12031
12033
12059
12061
12062
12063
12064
12066
12067
12069
12095
12097
12098
12100
12102
12103
12105
12131
12133
12134
12135
12136
12139
12141
12167
12169
12170
12171
12172
12173
12174
12175
12176
12177
12208
12210
12211
12212
12213
12214
12215
12217
12218
12219
12220
12222
12223
12224
12225
12227
12228
12229
12230
12232
12233
12234
12235
12237
12238
12239
12240
12242
12243
12244
12245
12247
12248
12250
12251
12252
12253
12258
12616
12617
12618
12619
12620
12621
12622
12623
12624
12625
12626
12627
12628
12629
12630
12631
12632
12633
12634
12635
12636
12637
12638
12639
12640
12641
12642
12643
12644
12645
12646
12647
12648
12649
12650
12651
12652
12653
12654
12655
12656
12658
12659
12661
12662
12664
12665
12667
12668
12670
12671
12673
12674
12676
12677
12678
12679
12680
12681
12682
12683
12684
12685
12687
12691
12693
12697
12699
12703
12705
12709
12711
12715
12717
12721
12723
12727
12729
12733
12735
12739
12740
12741
12742
12743
12744
12745
12746
12747
12749
12750
12752
12753
12755
12756
12758
12759
12761
12762
12764
12765
12767
12768
12769
12770
12771
12772
12774
12775
12777
12779
12781
12783
12785
12787
12789
12790
12791
12793
12794
12796
12798
12800
12802
12804
12806
12808
12810
12812
12814
12816
12818
12820
12822
12824
12826
12828
12830
12832
12833
12834
12835
12836
12838
12840
12842
12844
12846
12848
12850
12852
12854
12855
12857
12859
12861
12863
12865
12867
12869
12870
12871
12873
12874
12876
12880
12882
12884
12886
12888
12890
12892
12894
12896
12898
12900
12902
12904
12908
12910
12912
12913
12914
12915
12916
12918
12920
12922
12924
12926
12928
12930
12932
12933
12934
12935
12936
12937
12938
12939
12940
12941
12942
12943
12944
12945
12946
12947
12948
12949
12950
12951
12952
12953
12954
12955
12956
12958
12960
12961
12962
12964
12966
12967
12968
12970
12972
12974
12975
12976
12978
12979
12980
12982
12984
12986
12988
12990
12992
12994
13355
13356
13357
13358
13359
13360
13361
13362
13363
13364
13365
13366
13367
13368
13369
13370
13371
13372
13373
13374
13375
13376
13377
13378
13379
13380
13381
13382
13383
13384
13385
13386
13387
13388
13389
13390
13391
13392
13393
13394
13395
13396
13397
13398
13399
13401
13402
13403
13404
13432
13434
13436
13437
13438
13439
13440
13441
13442
13443
13444
13445
13446
13447
13448
13449
13450
13451
13452
13453
13454
13455
13456
13457
13458
13459
13460
13461
13462
13463
13464
13465
13466
13467
13470
13471
13473
13499
13500
13501
13502
13503
13504
13505
13506
13509
13510
13511
13512
13538
13539
13540
13541
13542
13543
13544
13545
13548
13549
13550
13551
13577
13578
13579
13580
13581
13582
13583
13584
13587
13588
13589
13590
13616
13617
13618
13619
13620
13621
13622
13623
13626
13627
13628
13629
13655
13656
13657
13658
13659
13660
13661
13662
13665
13666
13667
13668
13694
13695
13696
13697
13698
13699
13700
13701
13704
13705
13706
13707
13733
13734
13735
13736
13737
13738
13739
13740
13743
13744
13745
13746
13772
13773
13774
13775
13776
13777
13778
13779
13782
13783
13784
13785
13811
13812
13813
13814
13815
13816
13817
13818
13821
13822
13823
13824
13850
13852
13853
13854
13855
13856
13857
13860
13861
13862
13863
13889
13891
13892
13894
13895
13896
13897
13898
13899
13900
13903
13904
13905
13934
13936
13937
13938
13939
13940
13942
13943
13944
13945
13946
13948
13949
13950
13951
13952
13954
13955
13956
13957
13958
13960
13961
13962
13963
13964
13966
13967
13968
13969
13970
13972
13973
13974
13975
13976
13978
13979
13980
13981
13982
13984
13985
13986
13987
13990
13991
13992
13993
14328
14329
14330
14332
14333
14335
14336
14338
14339
14341
14342
14344
14345
14347
14348
14350
14351
14352
14353
14354
14355
14356
14357
14358
14359
14360
14361
14362
14363
14365
14366
14368
14369
14370
14371
14374
14375
14376
14377
14378
14379
14380
14381
14383
14384
14385
14386
14387
14388
14389
14390
14392
14393
14394
14395
14396
14397
14398
14399
14401
14402
14403
14404
14405
14406
14407
14408
14410
14411
14412
14413
14414
14415
14416
14417
14419
14420
14422
14423
14424
14425
14426
14428
14429
14430
14431
14432
14433
14434
14437
14438
14439
14440
14441
14442
14443
14444
14445
14446
14447
14448
14449
14450
14451
14452
14454
14455
14456
14457
14458
14460
14461
14462
14463
14464
14466
14467
14468
14469
14470
14472
14473
14474
14475
14476
14478
14479
14480
14481
14482
14484
14485
14486
14487
14488
14490
14491
14492
14493
14494
14495
14496
14497
14498
14499
14500
14501
14502
14503
14504
14505
14506
14507
14508
14509
14510
14511
14512
14513
14514
14515
14516
14517
14518
14519
14520
14521
14522
14523
14524
14525
14526
14527
14528
14529
14530
14531
15789
15790
15791
15792
15793
15794
15795
15796
15797
15806
15807
15810
15811
15814
15818
15822
15826
15830
15834
15838
15842
15847
15851
15852
15853
15854
15855
15856
15857
15858
15859
15860
16072
16073
16074
16076
16077
16078
16079
16080
16081
16082
16083
16084
16085
16086
16087
16088
16089
16090
16091
16092
16093
16094
16095
16096
16097
16098
16099
16100
16101
16102
16103
16104
16105
16106
16107
16108
16109
16110
16111
16112
16113
16114
16115
16116
16117
16118
16119
16120
16121
16122
16123
16124
16125
16126
16127
16128
16129
16130
16131
16132
16133
16134
16135
16136
16138
16139
16140
16162
16164
16166
16168
16170
16174
16190
16191
16192
16193
16194
16195
16196
16200
16202
16213
16217
16218
16219
16220
16221
16222
16223
16224
16225
16227
16228
16229
16231
16239
16241
16243
16245
16246
16247
16248
16249
16250
16251
16252
16253
16255
16257
16259
16267
16269
16271
16273
16274
16275
16276
16277
16278
16279
16280
16281
16283
16285
16287
16295
16297
16299
16301
16302
16303
16304
16305
16306
16307
16308
16309
16311
16313
16315
16323
16325
16327
16329
16330
16331
16332
16333
16334
16335
16336
16337
16339
16341
16343
16351
16353
16355
16357
16358
16359
16360
16361
16362
16363
16364
16365
16367
16369
16371
16379
16381
16383
)


// ************************************************************************* //
